1 0 97 1
1 0 60 1
1 0 113 1
1 0 121 0
2 0 102 1
2 0 139 1
2 0 113 1
2 0 49 0
3 0 130 1
3 0 102 1
3 0 22 1
3 0 32 0
4 0 53 1
4 0 73 1
4 0 91 1
4 0 144 0
5 0 16 1
5 0 8 1
5 0 29 1
5 0 13 0
6 0 106 1
6 0 119 1
6 0 135 1
6 0 15 0
7 0 113 1
7 0 136 1
7 0 97 1
7 0 75 0
8 0 53 1
8 0 73 1
8 0 91 1
8 0 111 0
9 0 44 1
9 0 64 1
9 0 82 1
9 0 77 0
10 0 88 1
10 0 120 1
10 0 70 1
10 0 131 0
11 0 58 1
11 0 78 1
11 0 96 1
11 0 17 0
12 0 126 1
12 0 119 1
12 0 135 1
12 0 106 0
13 0 144 1
13 0 143 1
13 0 53 1
13 0 73 0
14 0 100 1
14 0 112 1
14 0 141 1
14 0 30 0
15 0 3 1
15 0 24 1
15 0 25 1
15 0 107 0
16 0 131 1
16 0 58 1
16 0 78 1
16 0 96 0
17 0 32 1
17 0 121 1
17 0 40 1
17 0 141 0
18 0 138 1
18 0 140 1
18 0 110 1
18 0 134 0
19 0 25 1
19 0 115 1
19 0 90 1
19 0 128 0
20 0 7 1
20 0 25 1
20 0 137 1
20 0 47 0
21 0 93 1
21 0 55 1
21 0 111 1
21 0 75 0
22 0 97 1
22 0 113 1
22 0 60 1
22 0 53 0
23 0 4 1
23 0 109 1
23 0 107 1
23 0 88 0
24 0 130 1
24 0 32 1
24 0 40 1
24 0 110 0
25 0 54 1
25 0 92 1
25 0 74 1
25 0 123 0
26 0 53 1
26 0 73 1
26 0 91 1
26 0 116 0
27 0 51 1
27 0 89 1
27 0 71 1
27 0 133 0
28 0 136 1
28 0 110 1
28 0 140 1
28 0 137 0
29 0 9 1
29 0 134 1
29 0 136 1
29 0 97 0
30 0 99 1
30 0 42 1
30 0 62 1
30 0 80 0